-2.5025e-07
-0.000627205
-0.00255856
-0.00591479
-0.0107623
-0.0170874
-0.0247651
-0.0335251
-0.0429143
-0.0522625
-0.0606531
-0.0669082
-0.0695965
-0.0670758
-0.0575818
-0.0393763
-0.0109621
0.0286359
0.0795361
0.140649
0.209369
0.281406
0.350856
0.410652
0.45346
0.473029
0.465844
0.432707
0.379677
0.317674
0.260196
0.219147
0.199742
0.196611
0.193957
0.171857
0.11797
0.0392903
-0.0350321
-0.0670468
-0.0364477
0.0381553
0.107508
0.13471
0.137416
0.17295
0.26029
0.330369
0.302739
0.212048
0.167041
-2.70662e-07
-0.000678286
-0.00276595
-0.0063901
-0.0116158
-0.0184168
-0.0266417
-0.0359754
-0.0458995
-0.0556555
-0.0642163
-0.0702748
-0.07226
-0.0683939
-0.0568023
-0.0356913
-0.00359666
0.0402989
0.0958015
0.161342
0.233685
0.307829
0.3772
0.434286
0.471751
0.483997
0.468902
0.429292
0.37344
0.313904
0.264305
0.234408
0.225042
0.225519
0.216405
0.178858
0.10771
0.0207308
-0.0454478
-0.0564587
-0.00798989
0.0638552
0.109311
0.115467
0.127502
0.196879
0.299017
0.339647
0.281956
0.215264
0.207285
-2.92756e-07
-0.000733566
-0.00299023
-0.00690352
-0.0125359
-0.0198464
-0.0286521
-0.0385867
-0.0490575
-0.059207
-0.0678854
-0.0736441
-0.0747627
-0.0693234
-0.055347
-0.0310027
0.00510509
0.0535814
0.113849
0.183778
0.259437
0.33507
0.403463
0.456778
0.487913
0.492239
0.469375
0.424406
0.36778
0.313233
0.273595
0.255352
0.254112
0.254028
0.233698
0.178206
0.0920939
0.00379696
-0.0467664
-0.0353804
0.0228911
0.0799264
0.0980594
0.0953831
0.132912
0.233775
0.328147
0.329446
0.266286
0.242993
0.243417
-3.16693e-07
-0.000793441
-0.00323298
-0.00745851
-0.0135286
-0.0213841
-0.0308059
-0.0413685
-0.052395
-0.0629166
-0.0716473
-0.0769845
-0.0770489
-0.0697805
-0.053104
-0.0251762
0.0152854
0.0686093
0.133755
0.207949
0.286492
0.36286
0.429257
0.477691
0.501575
0.497615
0.46751
0.418762
0.363786
0.316801
0.28874
0.281662
0.285433
0.279879
0.244038
0.170033
0.0738197
-0.00753046
-0.0368452
-0.00626335
0.0501357
0.0824427
0.0776192
0.0835301
0.156377
0.27367
0.338078
0.308394
0.270939
0.286474
0.256125
-3.42648e-07
-0.000858351
-0.00349595
-0.00805889
-0.0146002
-0.023039
-0.0331136
-0.044331
-0.0559182
-0.0667817
-0.0754848
-0.0802576
-0.0790533
-0.0696693
-0.049948
-0.0180661
0.027092
0.0855036
0.155575
0.233804
0.314665
0.39087
0.454143
0.496569
0.512419
0.500122
0.463764
0.413296
0.362678
0.325674
0.310063
0.31245
0.316959
0.300723
0.246279
0.155723
0.0566477
-0.00950954
-0.0155038
0.0260564
0.0675194
0.0708424
0.055779
0.0878342
0.193886
0.303452
0.327206
0.293021
0.301736
0.324867
0.240302
-3.70822e-07
-0.00092879
-0.00378109
-0.00870893
-0.0157578
-0.0248207
-0.0355864
-0.0474843
-0.0596324
-0.0707971
-0.0793756
-0.083417
-0.0806989
-0.0688799
-0.0457395
-0.00951553
0.0406762
0.104375
0.179338
0.261246
0.343706
0.418702
0.47764
0.51297
0.520216
0.499934
0.458827
0.409155
0.365743
0.340717
0.33739
0.3462
0.346239
0.314453
0.240326
0.138045
0.0449619
0.000449474
0.0148385
0.0549776
0.070512
0.0491326
0.0425098
0.111455
0.234535
0.312585
0.30516
0.299872
0.34849
0.337412
0.213237
-4.01435e-07
-0.00100531
-0.00409056
-0.00941333
-0.0170091
-0.0267398
-0.0382363
-0.0508387
-0.0635417
-0.0749546
-0.0832916
-0.0864066
-0.0818964
-0.0672876
-0.0403246
0.000642557
0.0561887
0.125318
0.205034
0.290121
0.373294
0.445898
0.499238
0.526489
0.524872
0.497445
0.453646
0.407666
0.374228
0.362439
0.369923
0.380766
0.370646
0.319619
0.227472
0.121035
0.0430008
0.0227971
0.0490166
0.0735719
0.0583067
0.0258208
0.0465822
0.149931
0.263882
0.299663
0.290317
0.334499
0.387849
0.320236
0.205607
-4.34738e-07
-0.00108852
-0.00442681
-0.0101774
-0.0183627
-0.0288077
-0.0410759
-0.0544048
-0.0676488
-0.079242
-0.0871969
-0.0891594
-0.0825415
-0.0647514
-0.0335341
0.0125835
0.073776
0.148402
0.232606
0.320204
0.403034
0.471938
0.518417
0.536803
0.526474
0.493314
0.449426
0.410268
0.389202
0.390825
0.406142
0.413487
0.387743
0.3159
0.210602
0.109537
0.0538006
0.0550514
0.0797733
0.0767401
0.0352826
0.0119294
0.0713319
0.191014
0.27065
0.276028
0.300397
0.384194
0.398028
0.294658
0.235849
-4.71009e-07
-0.00117912
-0.00479254
-0.0110069
-0.0198281
-0.031037
-0.0441187
-0.0581927
-0.0719544
-0.0836419
-0.0910473
-0.0915954
-0.0825135
-0.0611119
-0.0251841
0.0264885
0.0935734
0.173664
0.261938
0.351193
0.432449
0.496254
0.534684
0.543714
0.525347
0.488495
0.447603
0.418403
0.411376
0.425167
0.443787
0.441429
0.395762
0.304533
0.194097
0.108327
0.0780197
0.0915692
0.0994099
0.0636106
0.0109498
0.0170199
0.11135
0.218736
0.254331
0.262384
0.339649
0.422472
0.378097
0.294377
0.287464
-5.10565e-07
-0.0012779
-0.00519083
-0.0119085
-0.0214159
-0.0334415
-0.0473788
-0.062212
-0.0764563
-0.0881311
-0.094788
-0.0936195
-0.0816733
-0.0561914
-0.0150763
0.0425403
0.115698
0.201093
0.29284
0.382699
0.460984
0.518251
0.547606
0.547212
0.522109
0.48425
0.449782
0.433365
0.440905
0.463934
0.479954
0.461794
0.394169
0.288583
0.183337
0.120878
0.112969
0.124279
0.102326
0.0392657
-0.00243394
0.0442072
0.152509
0.221454
0.228931
0.277183
0.391412
0.427475
0.355154
0.334467
0.317515
-5.53763e-07
-0.00138573
-0.00562512
-0.0128894
-0.0231377
-0.036036
-0.0508712
-0.0664719
-0.081149
-0.0926785
-0.0983514
-0.095119
-0.0798609
-0.0497916
-0.00300054
0.0609178
0.140236
0.230622
0.325039
0.414234
0.488017
0.537334
0.556875
0.547541
0.517714
0.482135
0.457622
0.456086
0.477173
0.504722
0.511362
0.472484
0.384193
0.272878
0.183687
0.147956
0.152314
0.144639
0.0878638
0.0145995
0.005341
0.0864347
0.177175
0.200606
0.217908
0.32179
0.425646
0.403722
0.365243
0.388993
0.301544
-6.01007e-07
-0.00150361
-0.0060993
-0.013958
-0.0250066
-0.0388367
-0.0546112
-0.0709798
-0.0860221
-0.097244
-0.101655
-0.0959612
-0.0768935
-0.0416947
0.011263
0.0817881
0.167234
0.262105
0.358157
0.445215
0.51287
0.552958
0.562369
0.545267
0.513486
0.483936
0.472662
0.486901
0.518619
0.544342
0.534816
0.472774
0.369184
0.263441
0.199034
0.18645
0.186964
0.146682
0.0622816
0.00328863
0.0365431
0.127045
0.174053
0.174053
0.239468
0.373853
0.422359
0.385806
0.416114
0.410279
0.271564
-6.52758e-07
-0.00163268
-0.00661778
-0.0151235
-0.0270368
-0.0418612
-0.0586149
-0.0757415
-0.0910595
-0.101776
-0.1046
-0.0959905
-0.0725635
-0.0316627
0.0279385
0.105296
0.196679
0.295305
0.391709
0.474963
0.534844
0.564687
0.564237
0.541343
0.511111
0.491556
0.49608
0.525282
0.562654
0.579106
0.547873
0.46397
0.354559
0.266288
0.230087
0.229039
0.20747
0.130393
0.0383391
0.0158641
0.0814979
0.146801
0.148059
0.168153
0.289727
0.400029
0.394972
0.409734
0.469149
0.385533
0.286362
-7.0954e-07
-0.00177424
-0.00718555
-0.0163964
-0.0292443
-0.0451287
-0.0628982
-0.0807602
-0.0962378
-0.106209
-0.107064
-0.0950248
-0.0666368
-0.0194399
0.0472471
0.131551
0.228482
0.329872
0.425084
0.502718
0.553268
0.572271
0.562982
0.537157
0.512585
0.506807
0.5284
0.569607
0.605733
0.605373
0.549661
0.449853
0.347123
0.285649
0.272995
0.265355
0.207765
0.103871
0.0312423
0.052762
0.120331
0.136051
0.122261
0.198903
0.338849
0.385762
0.386445
0.470003
0.476001
0.365878
0.346899
-7.71952e-07
-0.00192974
-0.0078083
-0.0177883
-0.0316471
-0.0486596
-0.0674771
-0.086035
-0.101524
-0.11046
-0.108902
-0.0928526
-0.0588518
-0.00475631
0.0693973
0.160607
0.262458
0.365328
0.457551
0.527668
0.56756
0.575748
0.559553
0.534547
0.520083
0.531141
0.56917
0.617037
0.643688
0.620349
0.541688
0.436628
0.353599
0.321917
0.319048
0.285053
0.189144
0.0823008
0.0511659
0.100411
0.132742
0.105358
0.125275
0.253873
0.352041
0.357563
0.427271
0.513653
0.445312
0.405271
0.377943
-8.40684e-07
-0.0021009
-0.00849252
-0.0193127
-0.0342648
-0.0524761
-0.0723668
-0.0915603
-0.106872
-0.114426
-0.10994
-0.0892296
-0.048919
0.0126668
0.0945705
0.192446
0.298294
0.401046
0.488265
0.548998
0.577326
0.575549
0.555416
0.535749
0.535737
0.565284
0.616659
0.663577
0.672368
0.623091
0.528388
0.432059
0.378421
0.370038
0.356327
0.282453
0.162443
0.0822975
0.0951979
0.135204
0.112977
0.0841405
0.167341
0.294681
0.326052
0.364976
0.49121
0.501552
0.446827
0.468949
0.346364
-9.16527e-07
-0.00228966
-0.00924563
-0.0209845
-0.0371195
-0.0566017
-0.0775815
-0.0973233
-0.112223
-0.117979
-0.10997
-0.0838756
-0.0365229
0.0331073
0.122902
0.226946
0.335534
0.436245
0.516288
0.565964
0.582471
0.572617
0.552584
0.543262
0.561302
0.608832
0.667677
0.704471
0.688639
0.615509
0.517022
0.443597
0.42124
0.41939
0.373754
0.261186
0.145814
0.11238
0.144327
0.137306
0.0800053
0.100949
0.223491
0.290014
0.304091
0.422905
0.514635
0.474689
0.51031
0.472325
0.34005
-1.0004e-06
-0.00249826
-0.0100762
-0.0228211
-0.0402357
-0.0610615
-0.0831328
-0.103302
-0.117496
-0.12096
-0.108745
-0.0764722
-0.0213259
0.0568285
0.154457
0.263852
0.373543
0.469988
0.540646
0.577999
0.583341
0.568509
0.553583
0.559588
0.597712
0.659864
0.717651
0.734996
0.691624
0.603007
0.516512
0.475597
0.475129
0.456263
0.366929
0.235962
0.156623
0.164068
0.171378
0.108475
0.0696522
0.154546
0.248268
0.25616
0.334683
0.478253
0.485364
0.508731
0.557592
0.438921
0.407651
-1.09336e-06
-0.0027293
-0.0109939
-0.0248419
-0.0436406
-0.0658816
-0.0890291
-0.109463
-0.122589
-0.123174
-0.105975
-0.0666614
-0.00297555
0.0840594
0.189199
0.302744
0.411497
0.501204
0.560406
0.584855
0.580875
0.565458
0.561301
0.586825
0.644565
0.714704
0.761097
0.751718
0.683942
0.594254
0.534972
0.52629
0.526924
0.46937
0.343333
0.228169
0.199413
0.21143
0.160308
0.0789286
0.104985
0.20409
0.223686
0.252405
0.402501
0.471945
0.480764
0.581634
0.53112
0.478473
0.432624
-1.19665e-06
-0.00298581
-0.0120103
-0.0270692
-0.0473644
-0.071089
-0.0952732
-0.115757
-0.127369
-0.124384
-0.10132
-0.054047
0.018883
0.114968
0.226949
0.342995
0.448363
0.528734
0.574798
0.586779
0.576749
0.566346
0.578677
0.626111
0.699627
0.768006
0.792655
0.754067
0.672421
0.599522
0.576136
0.58594
0.561092
0.457141
0.322814
0.254168
0.257193
0.225592
0.125521
0.0879548
0.165555
0.204399
0.193797
0.308909
0.430954
0.441051
0.548573
0.589746
0.52875
0.545848
0.393877
-1.31173e-06
-0.00327133
-0.0131384
-0.0295284
-0.0514406
-0.0767107
-0.10186
-0.122113
-0.131665
-0.1243
-0.0943856
-0.0381984
0.0445876
0.149625
0.267345
0.38374
0.482919
0.551422
0.583391
0.584711
0.573473
0.574539
0.6082
0.676964
0.758523
0.813391
0.808713
0.74585
0.667579
0.627317
0.635742
0.638188
0.56735
0.432998
0.32939
0.310733
0.296656
0.200436
0.109605
0.143115
0.195812
0.166125
0.221879
0.366978
0.397679
0.478819
0.597633
0.558802
0.607742
0.520774
0.445283
-1.44029e-06
-0.00359
-0.0143937
-0.0322488
-0.0559061
-0.0827732
-0.108775
-0.128433
-0.135261
-0.122573
-0.0847211
-0.0186604
0.0744305
0.187956
0.309785
0.423852
0.513795
0.568257
0.586314
0.580484
0.574382
0.593504
0.651186
0.73664
0.814881
0.844827
0.809425
0.735958
0.68113
0.67975
0.700026
0.666219
0.549504
0.422841
0.37468
0.369258
0.292595
0.168684
0.146204
0.197855
0.168353
0.161094
0.292568
0.353783
0.397039
0.554302
0.565845
0.616347
0.623625
0.529518
0.490909
-1.58436e-06
-0.00394673
-0.0157939
-0.0352637
-0.0608014
-0.0893004
-0.115987
-0.134586
-0.137884
-0.118783
-0.0718174
0.00502955
0.108618
0.229684
0.353379
0.461937
0.539567
0.578586
0.584522
0.576973
0.583442
0.626163
0.706928
0.79976
0.861224
0.858795
0.800526
0.737246
0.721262
0.748449
0.749057
0.663222
0.529408
0.450652
0.442275
0.391864
0.25821
0.180476
0.213086
0.195171
0.13755
0.224366
0.311464
0.323293
0.474282
0.546771
0.584334
0.675836
0.597516
0.610572
0.452454
-1.74633e-06
-0.0043473
-0.0173602
-0.0386116
-0.0661706
-0.0963122
-0.123444
-0.140393
-0.139194
-0.112435
-0.0551122
0.0333128
0.147214
0.27426
0.396897
0.496373
0.558929
0.582402
0.58007
0.578108
0.604768
0.673952
0.771863
0.858573
0.89091
0.856897
0.793825
0.76264
0.786714
0.814251
0.766562
0.642169
0.538318
0.516543
0.490824
0.368133
0.246594
0.245279
0.240637
0.153427
0.178083
0.274597
0.269684
0.379935
0.502657
0.528653
0.669543
0.640061
0.682174
0.579764
0.530912
-1.92907e-06
-0.00479862
-0.0191174
-0.0423366
-0.072061
-0.103821
-0.131065
-0.14562
-0.138764
-0.102945
-0.0340026
0.0665661
0.190066
0.32078
0.438753
0.525412
0.570957
0.580698
0.57633
0.588629
0.641751
0.735678
0.839152
0.904315
0.901084
0.847918
0.80489
0.818452
0.862733
0.854305
0.753699
0.63522
0.593476
0.585241
0.487981
0.340588
0.297546
0.300249
0.204461
0.164666
0.249273
0.241308
0.293569
0.4409
0.464275
0.614147
0.649895
0.701038
0.684743
0.631213
0.520461
-2.13602e-06
-0.00530897
-0.0210949
-0.0464897
-0.0785231
-0.111826
-0.138729
-0.149957
-0.136071
-0.0896428
-0.00787015
0.105036
0.236712
0.367917
0.47702
0.547379
0.575485
0.575853
0.57803
0.613437
0.695792
0.806466
0.89922
0.930028
0.896025
0.847602
0.846835
0.89716
0.923855
0.857258
0.737212
0.673966
0.673575
0.608793
0.455297
0.370925
0.371415
0.283115
0.188711
0.242379
0.238972
0.2321
0.37396
0.402513
0.529125
0.625797
0.674931
0.744451
0.699703
0.663893
0.5599
-2.37135e-06
-0.00588834
-0.0233275
-0.0511291
-0.0856085
-0.120311
-0.146263
-0.152999
-0.130472
-0.0717716
0.0238744
0.148748
0.286267
0.413858
0.509543
0.56101
0.573594
0.57194
0.590925
0.656394
0.764763
0.877355
0.941942
0.934666
0.889173
0.874049
0.921013
0.975009
0.947644
0.839248
0.757781
0.756028
0.724106
0.58219
0.463854
0.45287
0.381263
0.24895
0.259626
0.261673
0.205133
0.316047
0.35181
0.436259
0.574228
0.617295
0.751236
0.729523
0.770148
0.670935
0.580213
-2.64014e-06
-0.00654884
-0.025857
-0.0563219
-0.0933685
-0.129227
-0.15342
-0.154223
-0.121196
-0.0485073
0.0617191
0.197381
0.337303
0.456301
0.534176
0.565963
0.568149
0.57479
0.62087
0.71854
0.841681
0.936451
0.96088
0.927207
0.901078
0.937809
1.00939
1.0216
0.936252
0.843466
0.833535
0.830101
0.712999
0.572474
0.543747
0.49183
0.339979
0.304051
0.307974
0.215641
0.279668
0.318868
0.354293
0.507801
0.542959
0.71164
0.720055
0.822886
0.754454
0.726974
0.622362
-2.94866e-06
-0.00730529
-0.0287335
-0.0621451
-0.10185
-0.138489
-0.159855
-0.152959
-0.107326
-0.018997
0.10594
0.25011
0.387742
0.492567
0.549227
0.563495
0.564248
0.591503
0.672079
0.796005
0.914557
0.972594
0.958975
0.927752
0.950529
1.02979
1.07787
1.02385
0.928635
0.906988
0.925169
0.84085
0.691464
0.64282
0.6094
0.45431
0.375502
0.376364
0.261867
0.273377
0.309106
0.296596
0.441876
0.466067
0.641381
0.676825
0.821388
0.796613
0.835589
0.749189
0.619033
-3.30463e-06
-0.00817593
-0.0320175
-0.0686858
-0.111091
-0.147947
-0.165092
-0.148357
-0.0878054
0.0175646
0.156437
0.305417
0.434807
0.519893
0.554162
0.557236
0.569284
0.62904
0.744556
0.878456
0.968831
0.981866
0.952982
0.961288
1.03943
1.11686
1.09884
1.01044
0.976794
1.00923
0.960795
0.815024
0.748149
0.730132
0.584097
0.471001
0.465066
0.339331
0.301076
0.32648
0.270998
0.39109
0.39912
0.559711
0.610523
0.77626
0.793232
0.891487
0.845205
0.766584
0.70348
-3.71773e-06
-0.00918344
-0.0357822
-0.0760425
-0.121108
-0.157367
-0.168484
-0.139352
-0.0614623
0.0618067
0.212514
0.360906
0.475124
0.536034
0.550588
0.553829
0.592142
0.691566
0.831256
0.949762
0.993741
0.975096
0.971232
1.04148
1.14026
1.15941
1.0861
1.04275
1.08305
1.06985
0.937738
0.85711
0.851368
0.722259
0.585644
0.57179
0.44236
0.362534
0.373071
0.280709
0.366946
0.352341
0.485098
0.534948
0.704358
0.749802
0.893567
0.895862
0.876747
0.852552
0.707707
-4.20019e-06
-0.0103562
-0.0401168
-0.0843242
-0.131884
-0.166384
-0.169155
-0.124642
-0.0270754
0.113973
0.27259
0.413178
0.505094
0.54028
0.543386
0.562927
0.640897
0.77665
0.916636
0.993184
0.992194
0.980621
1.03865
1.1505
1.20508
1.15329
1.10417
1.14769
1.16672
1.05514
0.966697
0.971222
0.863002
0.713645
0.693663
0.565011
0.454565
0.448848
0.325527
0.376755
0.333187
0.432686
0.464512
0.624418
0.679227
0.850696
0.898753
0.932678
0.965348
0.865859
0.720339
-4.76761e-06
-0.0117302
-0.0451305
-0.0936483
-0.143344
-0.174456
-0.165939
-0.102679
0.0164827
0.17361
0.333879
0.457901
0.521752
0.534926
0.54161
0.595708
0.718571
0.871605
0.979621
1.00247
0.989025
1.03296
1.15029
1.23649
1.21041
1.16006
1.20418
1.25138
1.16397
1.07391
1.08829
1.0019
0.84925
0.827392
0.701516
0.572382
0.551712
0.402995
0.423624
0.346152
0.413175
0.412187
0.553699
0.598789
0.777245
0.862575
0.931746
1.02412
0.993397
0.884206
0.771702
-5.44015e-06
-0.0133515
-0.050957
-0.104135
-0.155315
-0.180781
-0.157306
-0.0717053
0.0699867
0.239125
0.392133
0.49031
0.524303
0.526992
0.5582
0.660861
0.817495
0.953335
1.00447
0.995575
1.02574
1.14228
1.25513
1.25669
1.20942
1.25339
1.32465
1.26219
1.17613
1.20155
1.13568
0.98742
0.969564
0.846441
0.710828
0.677728
0.509509
0.506924
0.39312
0.432427
0.388585
0.50535
0.527643
0.68886
0.803257
0.884774
1.02174
1.07172
1.01959
0.932099
0.824117
-6.24419e-06
-0.0152794
-0.057761
-0.115897
-0.167472
-0.184195
-0.141296
-0.0298915
0.13342
0.307253
0.441649
0.506498
0.516438
0.529397
0.606981
0.757553
0.915391
0.997234
0.99922
1.01764
1.12879
1.263
1.29217
1.25144
1.29601
1.38784
1.34876
1.27139
1.31032
1.26195
1.1243
1.11691
0.994731
0.865373
0.821351
0.641488
0.622641
0.474538
0.491018
0.4026
0.4862
0.485108
0.600234
0.73719
0.81493
0.962419
1.08845
1.11327
1.06979
0.985616
0.864868
-7.21481e-06
-0.017592
-0.0657446
-0.129015
-0.179243
-0.183033
-0.115487
0.0243628
0.205299
0.372533
0.47597
0.505897
0.508978
0.559754
0.695197
0.867497
0.98039
0.99895
1.00884
1.11169
1.26234
1.31752
1.28559
1.3327
1.44248
1.42336
1.3586
1.41434
1.37877
1.25759
1.26637
1.14189
1.03278
0.975556
0.796734
0.763221
0.591492
0.583342
0.463177
0.495882
0.487538
0.528194
0.671864
0.752414
0.869454
1.03444
1.14727
1.17722
1.14056
1.04835
0.912053
-8.39938e-06
-0.0203926
-0.0751551
-0.143498
-0.18967
-0.174963
-0.0770667
0.0918241
0.281744
0.427189
0.489994
0.495114
0.521138
0.633785
0.811836
0.95414
0.993971
0.999135
1.09242
1.25544
1.33392
1.3117
1.36424
1.49022
1.48609
1.43776
1.51366
1.48443
1.387
1.4146
1.28467
1.21099
1.1323
0.975435
0.917417
0.747601
0.697798
0.578831
0.532041
0.538132
0.501302
0.603837
0.711592
0.793571
0.929726
1.09095
1.21077
1.26097
1.23887
1.15092
1.01413
-9.86309e-06
-0.0238205
-0.0862913
-0.159203
-0.197194
-0.156804
-0.0231386
0.171363
0.355467
0.462222
0.484307
0.492005
0.576414
0.750889
0.919203
0.983814
0.988171
1.07196
1.24452
1.34279
1.32993
1.39175
1.53255
1.53718
1.51025
1.60833
1.57739
1.51472
1.55684
1.42298
1.39722
1.285
1.1784
1.0735
0.945767
0.82482
0.746036
0.608765
0.611583
0.555157
0.552961
0.660441
0.763869
0.860822
0.989154
1.13264
1.24969
1.3075
1.28849
1.19116
1.0367
-1.16976e-05
-0.0280667
-0.099505
-0.175696
-0.199334
-0.124412
0.0484771
0.258304
0.415366
0.471215
0.471886
0.525748
0.687267
0.876712
0.968394
0.975542
1.05101
1.23169
1.34562
1.34078
1.41694
1.57062
1.57691
1.5793
1.69735
1.65719
1.64527
1.68539
1.56341
1.58249
1.43632
1.39744
1.23306
1.17072
0.980931
0.925889
0.768146
0.68129
0.665132
0.601986
0.603054
0.699312
0.827227
0.959364
1.09694
1.23123
1.3403
1.40049
1.39349
1.30561
1.13432
-1.40349e-05
-0.033397
-0.115187
-0.191991
-0.192241
-0.0728531
0.137548
0.342396
0.448491
0.458633
0.48385
0.62358
0.828092
0.948021
0.960907
1.03009
1.21898
1.34368
1.34515
1.44247
1.60459
1.60614
1.65028
1.77681
1.72754
1.78247
1.79086
1.72128
1.74543
1.60949
1.59953
1.43114
1.3711
1.21405
1.0763
0.995977
0.827369
0.740058
0.719628
0.684388
0.673111
0.729359
0.845985
0.99708
1.15771
1.30349
1.41112
1.46694
1.46896
1.39382
1.20583
-1.70705e-05
-0.0401887
-0.133712
-0.206085
-0.17015
0.00266786
0.238353
0.406785
0.447904
0.451976
0.562326
0.774938
0.923378
0.944042
1.00977
1.20847
1.33771
1.34469
1.47202
1.63252
1.6282
1.72964
1.83813
1.80241
1.91917
1.87517
1.90666
1.86669
1.83224
1.75043
1.69462
1.53687
1.48046
1.29726
1.16193
1.07499
0.925971
0.7961
0.7435
0.744667
0.780233
0.853527
0.968634
1.11774
1.27894
1.41997
1.51755
1.58236
1.59598
1.46327
1.30688
-2.11037e-05
-0.0489875
-0.155292
-0.214135
-0.124984
0.104077
0.335339
0.432394
0.430253
0.50584
0.718895
0.89549
0.924843
0.99092
1.20225
1.32751
1.34289
1.50973
1.6492
1.65351
1.81836
1.87287
1.90827
2.02366
1.98017
2.07853
1.99537
2.04612
1.93282
1.907
1.80953
1.65829
1.5872
1.4313
1.247
1.1249
1.02971
0.933197
0.854289
0.818528
0.839003
0.918411
1.05005
1.21172
1.36692
1.50646
1.66063
1.73024
1.67965
1.60383
1.40639
-2.6611e-05
-0.060597
-0.179586
-0.209057
-0.0469636
0.224273
0.400798
0.417049
0.45627
0.661557
0.865684
0.903283
0.975204
1.20231
1.31157
1.3474
1.55666
1.648
1.70497
1.89623
1.8994
2.05167
2.07208
2.16143
2.16561
2.22409
2.16412
2.20635
2.09404
2.04134
1.97903
1.81216
1.66742
1.55621
1.42178
1.26423
1.11476
0.996612
0.922718
0.902449
0.940438
1.02629
1.13483
1.27721
1.49533
1.66397
1.78726
1.86497
1.8476
1.7041
1.53223
-3.43878e-05
-0.0762164
-0.204739
-0.17847
0.0711846
0.336869
0.407687
0.415575
0.604389
0.83558
0.879332
0.965919
1.2093
1.28797
1.37335
1.60118
1.63677
1.80474
1.92014
1.99562
2.14392
2.17753
2.29798
2.32633
2.36425
2.4214
2.35319
2.37128
2.33142
2.20322
2.0978
2.00538
1.8789
1.7186
1.54752
1.38494
1.24406
1.13385
1.05538
1.00441
1.00702
1.11979
1.26627
1.41333
1.6472
1.80547
1.95258
2.04853
2.01806
1.88607
1.68785
-4.58411e-05
-0.0976313
-0.225032
-0.102954
0.220602
0.391799
0.385485
0.548668
0.807087
0.85295
0.969518
1.21915
1.26116
1.43979
1.60969
1.67531
1.90091
1.93739
2.15248
2.18152
2.36647
2.39887
2.50239
2.5895
2.57022
2.628
2.65154
2.58318
2.49953
2.42465
2.3331
2.20987
2.05791
1.88541
1.6996
1.51101
1.34746
1.24745
1.18391
1.11202
1.17084
1.24115
1.41622
1.57259
1.80195
2.02163
2.1776
2.25211
2.22411
2.07609
1.84697
-6.36519e-05
-0.12737
-0.22531
0.039179
0.348144
0.367158
0.495445
0.782391
0.824673
0.99718
1.21618
1.26425
1.52906
1.58493
1.82096
1.89396
2.11832
2.17635
2.3918
2.4602
2.57923
2.73117
2.76605
2.81564
2.90105
2.94355
2.92692
2.87466
2.8003
2.70503
2.58904
2.45511
2.30088
2.10948
1.88505
1.71092
1.57056
1.39309
1.34443
1.27598
1.31529
1.4394
1.59693
1.79832
2.03048
2.25603
2.4136
2.47181
2.47489
2.30067
2.08582
-9.34474e-05
-0.16819
-0.169439
0.237076
0.359526
0.445537
0.763654
0.799264
1.05939
1.18007
1.37165
1.52869
1.71869
1.84692
2.08147
2.16379
2.38721
2.54209
2.63272
2.80259
2.96678
3.06408
3.12749
3.18389
3.22951
3.25279
3.24791
3.21709
3.16673
3.08815
2.94179
2.74429
2.59586
2.37313
2.17689
1.95043
1.80189
1.63731
1.51823
1.47722
1.51294
1.63006
1.8298
2.05345
2.28957
2.54707
2.73588
2.80863
2.77281
2.62329
2.38383
-0.000148724
-0.218225
0.008686
0.352023
0.399516
0.751164
0.802206
1.12138
1.20313
1.47114
1.63675
1.78802
2.0579
2.2023
2.35328
2.58308
2.79436
2.95531
3.09627
3.23582
3.37223
3.49954
3.61536
3.71677
3.78452
3.785
3.75027
3.75023
3.64625
3.54367
3.37363
3.2254
2.98999
2.74702
2.5154
2.28811
2.07838
1.92034
1.83386
1.76384
1.82786
1.92262
2.131
2.39687
2.67608
2.93556
3.16665
3.2463
3.23129
3.0567
2.76859
-0.000268868
-0.240681
0.292374
0.357735
0.734755
0.91835
1.08718
1.40303
1.61217
1.7694
1.99046
2.24873
2.49612
2.72441
2.94226
3.15389
3.3545
3.53446
3.69858
3.88595
4.09096
4.20086
4.32637
4.4279
4.49276
4.49467
4.51759
4.47732
4.37897
4.24357
4.07352
3.85335
3.58251
3.34758
3.04954
2.81357
2.5679
2.36654
2.24285
2.2004
2.21949
2.38939
2.60338
2.89608
3.23206
3.56149
3.7772
3.90846
3.86891
3.65017
3.32996
-0.000612815
-0.0176741
0.320343
0.686498
1.02567
1.32955
1.60868
1.87074
2.12089
2.37737
2.67516
2.99274
3.22612
3.4882
3.78953
4.01845
4.28649
4.56026
4.76674
4.97005
5.16848
5.34668
5.508
5.6477
5.69975
5.74363
5.71678
5.68194
5.56977
5.40365
5.18665
4.90095
4.62069
4.27481
3.95234
3.62734
3.32168
3.10262
2.92452
2.87469
2.92665
3.10621
3.39384
3.77034
4.16671
4.55132
4.83758
4.98217
4.94701
4.69053
4.28525
-0.00244507
0.287339
0.972854
1.40646
1.78169
2.1848
2.58571
2.98031
3.39374
3.81168
4.1494
4.57713
4.91945
5.31273
5.70325
6.06911
6.41604
6.79116
7.10582
7.44051
7.71906
7.96926
8.16542
8.31933
8.42269
8.47692
8.45134
8.38463
8.20406
7.96936
7.6765
7.30102
6.88624
6.41539
5.96092
5.50164
5.07332
4.74657
4.51601
4.43415
4.51813
4.75201
5.15795
5.68227
6.24972
6.7959
7.2189
7.42429
7.34369
6.98486
6.40341
