1.1285e+06
1.1286e+06
1.12914e+06
1.1283e+06
1.12868e+06
1.13027e+06
1.12983e+06
1.1286e+06
1.12843e+06
1.12857e+06
1.12857e+06
1.13073e+06
1.13112e+06
1.12813e+06
1.1297e+06
1.12618e+06
1.12852e+06
1.12852e+06
1.13014e+06
1.12766e+06
1.12849e+06
1.12768e+06
1.12959e+06
1.12959e+06
130853
1.12632e+06
1.1271e+06
1.12755e+06
1.12789e+06
1.13067e+06
1.12804e+06
1.1293e+06
1.13024e+06
1.1258e+06
1.12691e+06
1.12856e+06
1.12944e+06
1.13014e+06
1.12821e+06
1.12661e+06
1.12759e+06
1.12761e+06
1.12841e+06
1.12677e+06
1.12823e+06
1.12707e+06
1.12827e+06
1.12901e+06
1.12967e+06
1.13045e+06
1.12926e+06
1.12858e+06
1.12582e+06
1.12971e+06
1.12844e+06
1.12905e+06
1.12885e+06
1.12737e+06
1.12785e+06
1.12652e+06
1.13078e+06
1.12955e+06
1.12641e+06
1.1293e+06
1.12755e+06
1.12874e+06
1.12857e+06
1.12772e+06
1.12849e+06
1.12765e+06
1.13073e+06
1.12964e+06
1.12995e+06
1.12939e+06
1.12784e+06
1.12688e+06
1.12841e+06
1.13022e+06
1.1319e+06
1.12948e+06
1.12791e+06
1.12726e+06
1.12887e+06
1.12692e+06
1.13045e+06
1.12954e+06
1.12821e+06
1.13003e+06
1.1286e+06
1.1259e+06
1.13076e+06
1.12775e+06
967720
1.12688e+06
1.12806e+06
1.12807e+06
1.12717e+06
1.12706e+06
1.1283e+06
1.04787e+06
1.13149e+06
1.13104e+06
1.12847e+06
1.13142e+06
1.12958e+06
1.13036e+06
1.12894e+06
1.12918e+06
1.12929e+06
1.13053e+06
1.12904e+06
1.12897e+06
1.12692e+06
1.12723e+06
1.124e+06
1.12782e+06
1.13039e+06
1.12868e+06
367830
1.12866e+06
1.12869e+06
1.1278e+06
1.13115e+06
1.13014e+06
1.12753e+06
1.13059e+06
1.13011e+06
1.1282e+06
1.12776e+06
1.13013e+06
1.13074e+06
1.12782e+06
1.12965e+06
1.12956e+06
1.12905e+06
1.12946e+06
1.12715e+06
306869
1.04094e+06
1.12909e+06
1.12872e+06
1.12957e+06
1.12938e+06
1.12895e+06
1.12849e+06
1.13041e+06
1.13034e+06
1.13012e+06
1.12596e+06
1.12754e+06
1.12935e+06
1.1293e+06
1.12792e+06
1.12874e+06
1.12968e+06
373604
1.13156e+06
1.13137e+06
1.12995e+06
1.1297e+06
1.12968e+06
1.12798e+06
1.1267e+06
1.12907e+06
1.1291e+06
1.12774e+06
1.13008e+06
1.12892e+06
1.12775e+06
1.13196e+06
1.12842e+06
1.13152e+06
1.12884e+06
1.132e+06
1.12692e+06
1.12978e+06
1.1267e+06
1.12831e+06
1.12863e+06
1.12712e+06
1.13084e+06
1.13041e+06
1.13127e+06
1.13161e+06
1.12799e+06
1.13009e+06
1.13092e+06
1.12876e+06
1.12983e+06
1.1305e+06
1.13023e+06
1.12932e+06
1.13089e+06
1.12868e+06
1.13071e+06
1.12839e+06
1.13057e+06
1.12941e+06
1.12876e+06
609274
1.13057e+06
1.12788e+06
1.12986e+06
1.13009e+06
1.13087e+06
1.12953e+06
1.12983e+06
1.12978e+06
1.12997e+06
1.1284e+06
1.13029e+06
1.13047e+06
1.12838e+06
1.13048e+06
1.13028e+06
1.13049e+06
1.12858e+06
1.12971e+06
1.1292e+06
1.12956e+06
1.1307e+06
1.1303e+06
1.13234e+06
1.12993e+06
1.1296e+06
1.13047e+06
1.1324e+06
1.12997e+06
1.12907e+06
924192
1.1306e+06
1.12791e+06
1.13074e+06
800399
1.12848e+06
1.13138e+06
1.12767e+06
1.13136e+06
1.13047e+06
1.12746e+06
1.12991e+06
1.1295e+06
1.12934e+06
1.13111e+06
1.12954e+06
1.13148e+06
1.12924e+06
1.12926e+06
1.1309e+06
1.12968e+06
1.13082e+06
1.12804e+06
1.12961e+06
1.13086e+06
1.12786e+06
1.12953e+06
1.12782e+06
1.12975e+06
1.13048e+06
1.12886e+06
1.12934e+06
1.12988e+06
1.13001e+06
1.12856e+06
1.13122e+06
1.12717e+06
1.13133e+06
734864
1.12954e+06
1.12739e+06
1.13066e+06
1.13024e+06
1.12983e+06
1.13075e+06
1.12887e+06
1.12831e+06
1.1273e+06
1.1297e+06
1.12814e+06
1.12846e+06
1.12965e+06
1.12931e+06
1.12999e+06
1.12892e+06
1.129e+06
1.12932e+06
1.13058e+06
1.12998e+06
1.13076e+06
1.12744e+06
1.1307e+06
1.1274e+06
1.13035e+06
1.13087e+06
1.12647e+06
1.12754e+06
1.13272e+06
374232
1.12726e+06
1.12571e+06
1.13057e+06
1.13034e+06
1.12638e+06
365666
1.12681e+06
1.12722e+06
1.12748e+06
884864
1.13054e+06
1.12787e+06
1.12686e+06
1.12967e+06
1.1298e+06
1.12877e+06
1.13148e+06
1.1283e+06
1.13112e+06
1.12742e+06
1.13077e+06
1.12845e+06
1.1285e+06
1.12889e+06
1.13037e+06
1.12841e+06
1.12852e+06
1.12953e+06
1.12847e+06
1.12803e+06
1.13036e+06
1.12989e+06
1.12988e+06
1.12974e+06
1.12691e+06
1.1279e+06
1.12765e+06
1.12789e+06
1.13015e+06
1.12725e+06
1.12973e+06
1.12932e+06
1.12784e+06
1.13033e+06
1.13024e+06
1.12738e+06
1.1298e+06
1.12807e+06
107525
1.1278e+06
1.12919e+06
1.12671e+06
1.12807e+06
1.12946e+06
1.12826e+06
1.12794e+06
1.12883e+06
1.12695e+06
1.1291e+06
1.12781e+06
1.12788e+06
1.13075e+06
1.12827e+06
1.12842e+06
1.12727e+06
708406
1.12752e+06
1.12723e+06
1.12854e+06
1.12903e+06
1.12793e+06
1.12893e+06
1.12861e+06
1.12748e+06
1.12824e+06
1.12712e+06
1.12659e+06
1.12918e+06
1.12936e+06
1.1272e+06
1.12809e+06
1.13072e+06
87572
1.12818e+06
1.12702e+06
1.13059e+06
1.12778e+06
1.13059e+06
1.12624e+06
312764
1.12684e+06
1.128e+06
1.12797e+06
1.12989e+06
617726
1.13085e+06
1.12827e+06
1.12713e+06
1.12923e+06
1.12876e+06
1.12843e+06
1.12994e+06
1.12694e+06
1.12843e+06
1.12741e+06
1.13078e+06
1.12971e+06
1.12962e+06
1.12898e+06
1.12844e+06
1.12731e+06
1.13031e+06
1.12938e+06
1.12622e+06
1.12722e+06
1.13061e+06
1.12611e+06
1.12839e+06
1.12875e+06
1.13004e+06
1.1283e+06
1.12812e+06
1.12895e+06
1.12958e+06
1.12907e+06
1.12731e+06
1.1275e+06
1.1278e+06
383905
1.12937e+06
1.12952e+06
1.12872e+06
1.12778e+06
1.12858e+06
437526
1.12944e+06
1.12783e+06
743019
1.12688e+06
1.12873e+06
1.12975e+06
1.12908e+06
1.12805e+06
1.12912e+06
1.12642e+06
1.1277e+06
1.12695e+06
1.13125e+06
1.12782e+06
1.12862e+06
1.12974e+06
1.12854e+06
1.12632e+06
1.12833e+06
177287
1.12723e+06
1.12704e+06
463064
1.12933e+06
1.12841e+06
1.12735e+06
1.12873e+06
1.13018e+06
1.12894e+06
1.12968e+06
1.12754e+06
1.13001e+06
1.13117e+06
777172
1.12657e+06
1.12656e+06
1.12667e+06
1.12602e+06
1.12678e+06
1.12878e+06
1.12822e+06
1.12674e+06
1.13057e+06
1.12603e+06
1.13031e+06
1.12898e+06
1.12714e+06
1.12993e+06
851384
1.12935e+06
1.12939e+06
1.1284e+06
1.12846e+06
1.12934e+06
1.12829e+06
1.12955e+06
1.12947e+06
1.12797e+06
1.12915e+06
1.13144e+06
1.12862e+06
1.12836e+06
1.1301e+06
1.13031e+06
1.1296e+06
1.12925e+06
1.12972e+06
1.12701e+06
1.12957e+06
1.13192e+06
1.13053e+06
1.13012e+06
1.12917e+06
1.12622e+06
1.12634e+06
1.13108e+06
1.13086e+06
1.13036e+06
1.12665e+06
1.12612e+06
1.13046e+06
1.13099e+06
1.13037e+06
1.12917e+06
1.12996e+06
1.12873e+06
1.12783e+06
841074
1.13019e+06
1.13076e+06
1.12782e+06
1.12797e+06
1.12717e+06
1.13041e+06
1.12879e+06
1.12807e+06
433401
1.12904e+06
1.12852e+06
1.12745e+06
1.12967e+06
1.12857e+06
1.12981e+06
1.12839e+06
1.1303e+06
1.1279e+06
1.12986e+06
1.12873e+06
1.12978e+06
1.12951e+06
1.12912e+06
1.12902e+06
1.12886e+06
1.12744e+06
1.1289e+06
1.12868e+06
1.12842e+06
1.12876e+06
1.12684e+06
1.12715e+06
1.12819e+06
1.12851e+06
1.12842e+06
1.12892e+06
1.12907e+06
1.12808e+06
1.12843e+06
679686
1.12802e+06
1.12929e+06
1.12791e+06
1.12863e+06
1.13021e+06
1.12756e+06
1.12746e+06
1.12875e+06
1.12974e+06
1.12847e+06
1.12869e+06
1.12752e+06
1.12756e+06
1.13008e+06
1.12898e+06
1.12867e+06
1.12922e+06
1.12914e+06
1.12892e+06
1.12991e+06
1.12852e+06
304963
1.12752e+06
1.1301e+06
1.12849e+06
1.12964e+06
1.129e+06
1.13015e+06
1.12994e+06
1.12881e+06
1.1273e+06
1.12914e+06
1.12884e+06
1.12729e+06
1.12879e+06
1.12982e+06
1.12825e+06
1.12761e+06
1.12999e+06
1.12769e+06
1.12945e+06
662537
1.12791e+06
856090
1.12964e+06
1.12928e+06
1.129e+06
1.12966e+06
1.12742e+06
1.12796e+06
1.12902e+06
1.12862e+06
1.12762e+06
1.13138e+06
1.12692e+06
1.12773e+06
1.12728e+06
1.13012e+06
1.1294e+06
1.12983e+06
1.12804e+06
1.12884e+06
1.12833e+06
769506
1.12761e+06
1.12908e+06
1.1291e+06
1.12878e+06
1.13042e+06
1.12971e+06
1.12888e+06
1.13003e+06
1.12876e+06
1.13125e+06
1.12986e+06
1.13098e+06
1.13098e+06
1.12935e+06
1.1303e+06
1.13117e+06
1.13084e+06
1.12928e+06
1.12887e+06
1.13015e+06
1.12934e+06
1.12745e+06
1.12899e+06
1.13032e+06
1.12976e+06
1.12969e+06
1.1296e+06
1.12946e+06
1.13027e+06
1.12797e+06
1.12971e+06
1.12647e+06
1.12876e+06
1.1295e+06
1.1286e+06
1.12796e+06
1.13016e+06
1.12881e+06
1.12943e+06
1.13023e+06
1.13044e+06
1.12936e+06
1.13066e+06
1.12806e+06
1.1302e+06
1.12914e+06
1.12879e+06
1.12947e+06
1.12884e+06
1.12985e+06
1.1295e+06
1.12807e+06
1.12924e+06
1.12963e+06
1.12961e+06
1.12926e+06
1.13047e+06
1.13061e+06
1.12827e+06
1.1288e+06
1.12998e+06
1.12962e+06
1.13006e+06
1.12893e+06
1.12958e+06
1.12956e+06
1.1275e+06
1.12785e+06
1.12843e+06
1.12933e+06
844317
1.12936e+06
1.13062e+06
1.13039e+06
1.1305e+06
1.1289e+06
254501
1.12935e+06
1.12929e+06
1.12914e+06
1.12918e+06
1.1292e+06
880740
1.13062e+06
1.1305e+06
1.12989e+06
1.1306e+06
659643
1.13089e+06
1.12918e+06
1.13094e+06
1.12972e+06
1.12888e+06
1.12998e+06
1.12854e+06
1.12952e+06
1.13018e+06
1.12914e+06
1.12999e+06
1.12968e+06
1.12892e+06
1.13018e+06
1.12976e+06
1.13061e+06
1.12915e+06
1.12886e+06
1.1293e+06
1.12928e+06
1.12875e+06
1.1296e+06
1.12791e+06
1.12867e+06
1.12809e+06
1.12982e+06
1.12765e+06
1.1296e+06
1.12783e+06
256330
1.1278e+06
1.12917e+06
1.13081e+06
1.13085e+06
1.13047e+06
742672
1.12988e+06
1.12937e+06
1.1295e+06
1.12932e+06
1.13114e+06
1.12919e+06
1.12901e+06
1.12965e+06
1.13045e+06
1.1299e+06
1.12893e+06
1.13005e+06
1.12756e+06
1.1293e+06
1.1282e+06
1.12807e+06
1.12864e+06
1.12994e+06
1.12996e+06
1.12986e+06
1.12971e+06
1.12846e+06
1.12837e+06
1.12989e+06
1.13051e+06
1.12943e+06
1.12935e+06
1.12874e+06
1.12867e+06
1.13029e+06
1.12869e+06
1.12864e+06
1.12825e+06
1.1312e+06
1.12882e+06
1.12923e+06
1.12858e+06
1.12804e+06
1.12906e+06
1.12937e+06
1.12985e+06
1.1289e+06
1.13177e+06
1.13215e+06
1.13242e+06
1.12821e+06
1.12912e+06
1.12806e+06
1.12992e+06
1.12704e+06
1.12901e+06
1.13089e+06
1.13271e+06
1.12912e+06
1.12934e+06
1.13054e+06
1.12947e+06
1.12762e+06
1.12989e+06
1.13064e+06
1.13026e+06
1.12875e+06
1.13175e+06
1.13061e+06
1.12994e+06
1.1302e+06
1.12802e+06
1.12958e+06
1.12899e+06
1.12944e+06
1.12939e+06
1.13125e+06
1.13e+06
1.12842e+06
1.12877e+06
1.1295e+06
1.12923e+06
1.12936e+06
1.12869e+06
1.13122e+06
1.12965e+06
1.13021e+06
1.12572e+06
1.13164e+06
1.12918e+06
1.12947e+06
1.13038e+06
1.12747e+06
1.12866e+06
1.12822e+06
1.12999e+06
1.13105e+06
1.13051e+06
1.12951e+06
1.13054e+06
1.12952e+06
1.12745e+06
1.13092e+06
1.12948e+06
1.13265e+06
1.12732e+06
1.12784e+06
1.13019e+06
1.12772e+06
1.13066e+06
1.12853e+06
1.1265e+06
1.12884e+06
1.13019e+06
1.13141e+06
1.12851e+06
1.13094e+06
1.12922e+06
1.12804e+06
1.13171e+06
1.12761e+06
1.13146e+06
1.12958e+06
1.12875e+06
1.1316e+06
1.12918e+06
1.12922e+06
1.13085e+06
1.13074e+06
1.13318e+06
1.12951e+06
1.12976e+06
1.13032e+06
1.13109e+06
1.12815e+06
1.13212e+06
1.13242e+06
1.12866e+06
1.12733e+06
1.13031e+06
1.13138e+06
1.12918e+06
1.1294e+06
1.1278e+06
1.12994e+06
1.12977e+06
1.12922e+06
1.1292e+06
1.13035e+06
1.12995e+06
1.13023e+06
1.13134e+06
1.12935e+06
1.12989e+06
1.12966e+06
1.13272e+06
1.13123e+06
1.12951e+06
1.12976e+06
1.12879e+06
1.13196e+06
1.12966e+06
1.13275e+06
1.13245e+06
1.13305e+06
1.13024e+06
1.13307e+06
1.12621e+06
1.13036e+06
1.13213e+06
1.13012e+06
1.12992e+06
1.12883e+06
1.13056e+06
1.13146e+06
1.12851e+06
1.1318e+06
1.13025e+06
1.12974e+06
1.12901e+06
1.13032e+06
1.13152e+06
375410
1.13059e+06
697972
1.12923e+06
1.13261e+06
1.13194e+06
1.12944e+06
1.12964e+06
671775
1.12669e+06
1.12998e+06
1.12896e+06
1.12808e+06
1.13126e+06
1.13139e+06
1.13166e+06
1.1323e+06
1.13144e+06
1.12832e+06
1.12675e+06
1.13252e+06
541240
1.1303e+06
1.13045e+06
1.13171e+06
1.12684e+06
1.12871e+06
1.12968e+06
1.13307e+06
1.12945e+06
1.12896e+06
1.01179e+06
1.12982e+06
1.12938e+06
1.12701e+06
1.12717e+06
1.12674e+06
1.1264e+06
1.12866e+06
1.12734e+06
1.12826e+06
1.13134e+06
1.13122e+06
1.12651e+06
1.13016e+06
1.12699e+06
1.13075e+06
1.12699e+06
1.12705e+06
1.12723e+06
1.12922e+06
1.12845e+06
1.12866e+06
1.12897e+06
1.13026e+06
1.13147e+06
1.12606e+06
1.12743e+06
1.12748e+06
1.12961e+06
1.12944e+06
1.13069e+06
