1.19454e+06
445353
1.19712e+06
1.19636e+06
1.19586e+06
1.19517e+06
1.19665e+06
1.19829e+06
1.19684e+06
1.19673e+06
1.19573e+06
1.19632e+06
1.19607e+06
1.19756e+06
1.19636e+06
1.19602e+06
1.19638e+06
1.1954e+06
1.19628e+06
1.19732e+06
1.19652e+06
1.19593e+06
1.19602e+06
1.19752e+06
1.19727e+06
1.19692e+06
958647
1.19563e+06
1.19422e+06
1.19589e+06
1.19627e+06
1.19459e+06
1.19622e+06
138240
1.19661e+06
1.19786e+06
1.19587e+06
1.19559e+06
1.19807e+06
1.19777e+06
1.19664e+06
1.19593e+06
1.19766e+06
1.19697e+06
1.19698e+06
1.19733e+06
1.19675e+06
1.19694e+06
1.19625e+06
774180
1.19844e+06
1.19414e+06
73488
1.1985e+06
1.19611e+06
1.19598e+06
1.19739e+06
1.19536e+06
1.19585e+06
1.19705e+06
1.19436e+06
1.19706e+06
1.19613e+06
1.1957e+06
1.19669e+06
1.19644e+06
1.19695e+06
613684
1.19658e+06
1.19516e+06
344595
1.19693e+06
1.19759e+06
1.19732e+06
566614
1.19801e+06
1.19711e+06
1.19716e+06
1.1974e+06
1.19605e+06
1.19656e+06
1.19647e+06
1.19732e+06
1.19631e+06
1.19671e+06
1.19629e+06
1.19627e+06
1.19672e+06
1.19589e+06
1.19495e+06
1.19724e+06
1.19759e+06
1.19669e+06
1.19548e+06
1.19772e+06
1.19674e+06
1.19764e+06
1.19596e+06
1.19885e+06
1.19725e+06
1.19923e+06
1.19462e+06
1.19526e+06
1.19497e+06
1.19662e+06
1.19409e+06
1.196e+06
1.19526e+06
1.1986e+06
1.19695e+06
1.1944e+06
1.1957e+06
1.19557e+06
1.19388e+06
1.19437e+06
1.19469e+06
1.19877e+06
1.19619e+06
1.19617e+06
1.19525e+06
1.1977e+06
1.19465e+06
1.19796e+06
1.19611e+06
1.19698e+06
1.19478e+06
1.19686e+06
1.19481e+06
1.1961e+06
1.19649e+06
1.19684e+06
1.19838e+06
1.19723e+06
1.19738e+06
891227
1.19724e+06
1.19693e+06
1.19708e+06
1.19681e+06
1.19608e+06
1.19866e+06
1.19343e+06
1.19781e+06
1.1974e+06
1.198e+06
1.19776e+06
1.19796e+06
524935
1.19766e+06
1.19551e+06
1.19811e+06
1.19512e+06
1.19538e+06
1.19674e+06
1.19818e+06
1.1972e+06
1.19645e+06
1.19882e+06
1.1974e+06
1.19587e+06
1.19716e+06
564011
1.19561e+06
1.19486e+06
1.19542e+06
1.19562e+06
1.1964e+06
1.1963e+06
1.19826e+06
174319
1.19551e+06
1.19631e+06
1.19798e+06
1.19747e+06
1.19808e+06
1.19536e+06
1.19392e+06
1.1985e+06
1.19562e+06
1.19575e+06
1.1961e+06
1.19469e+06
1.19721e+06
1.19742e+06
1.19514e+06
1.19496e+06
1.19604e+06
1.19583e+06
1.19578e+06
1.19636e+06
1.19707e+06
1.19598e+06
1.19758e+06
1.19756e+06
1.1972e+06
1.19826e+06
1.19674e+06
1.19665e+06
1.19823e+06
1.1959e+06
1.19466e+06
1.1981e+06
1.19803e+06
1.19803e+06
1.19708e+06
1.19696e+06
1.19824e+06
1.19801e+06
1.19764e+06
1.19751e+06
1.19838e+06
1.19744e+06
1.19504e+06
1.1963e+06
1.19742e+06
1.19458e+06
515150
1.19439e+06
1.19337e+06
1.19731e+06
1.19625e+06
1.19516e+06
1.1981e+06
1.19533e+06
1.19365e+06
1.19717e+06
1.19785e+06
1.19469e+06
1.19765e+06
1.19706e+06
1.19542e+06
1.19676e+06
1.19594e+06
1.01703e+06
1.19858e+06
1.19907e+06
1.1975e+06
1.19793e+06
1.19818e+06
1.19905e+06
1.19596e+06
1.19933e+06
1.19624e+06
1.19787e+06
1.19649e+06
1.19452e+06
1.19705e+06
1.19726e+06
1.19701e+06
1.19685e+06
1.19664e+06
1.19701e+06
1.199e+06
1.19632e+06
1.19645e+06
1.1959e+06
1.19651e+06
1.197e+06
1.19888e+06
1.19594e+06
1.19642e+06
1.19513e+06
1.19717e+06
1.10141e+06
1.19689e+06
1.1955e+06
1.19787e+06
1.19827e+06
1.19708e+06
1.19768e+06
1.19646e+06
1.19616e+06
1.19858e+06
1.19779e+06
1.19579e+06
1.1967e+06
1.19782e+06
1.19765e+06
1.19763e+06
1.19683e+06
1.19495e+06
1.19643e+06
1.1943e+06
1.19818e+06
1.19772e+06
1.19826e+06
1.19559e+06
1.19759e+06
1.19691e+06
442045
1.19773e+06
970521
1.19729e+06
1.19857e+06
1.19907e+06
1.19743e+06
76012
1.19708e+06
1.19479e+06
1.19487e+06
1.19378e+06
1.19645e+06
1.19662e+06
1.1974e+06
1.19745e+06
1.19492e+06
1.1978e+06
1.19855e+06
1.19542e+06
1.19659e+06
657951
1.19631e+06
1.19755e+06
48609
1.20039e+06
1.20006e+06
1.19866e+06
1.19819e+06
1.19652e+06
1.19868e+06
1.19892e+06
1.19726e+06
1.1993e+06
1.19766e+06
1.19818e+06
1.19785e+06
1.19638e+06
1.19539e+06
1.19748e+06
1.19646e+06
1.19772e+06
1.19811e+06
1.19898e+06
180492
1.19841e+06
1.1976e+06
1.19756e+06
1.19743e+06
1.19851e+06
1.19568e+06
1.19947e+06
1.19836e+06
1.19813e+06
1.19907e+06
1.19649e+06
1.1968e+06
1.19819e+06
1.19914e+06
1.19794e+06
266674
1.19737e+06
1.19796e+06
1.19507e+06
1.19709e+06
1.19728e+06
1.11875e+06
1.19767e+06
1.19785e+06
1.19741e+06
1.1976e+06
1.19741e+06
1.19694e+06
1.19563e+06
1.19604e+06
1.19756e+06
1.19819e+06
1.19957e+06
1.19638e+06
1.19718e+06
1.19717e+06
1.1963e+06
1.19864e+06
1.19523e+06
1.19793e+06
1.19506e+06
1.1986e+06
1.19671e+06
1.19657e+06
1.1957e+06
1.19652e+06
1.19646e+06
1.19647e+06
1.19683e+06
1.19846e+06
1.1993e+06
1.1956e+06
1.19817e+06
1.19685e+06
1.19988e+06
1.19705e+06
1.19799e+06
1.19837e+06
1.19462e+06
1.19697e+06
1.19836e+06
1.19593e+06
432672
1.19851e+06
1.19885e+06
1.19599e+06
1.19593e+06
1.19777e+06
1.19895e+06
1.19783e+06
1.19724e+06
1.19733e+06
1.19496e+06
1.198e+06
1.19856e+06
1.19689e+06
1.19768e+06
1.19557e+06
1.19818e+06
1.19886e+06
1.19578e+06
1.19829e+06
1.19749e+06
1.19744e+06
1.19688e+06
1.19707e+06
492490
1.19602e+06
1.19504e+06
1.19602e+06
1.1965e+06
1.19851e+06
1.19676e+06
1.19543e+06
1.19723e+06
1.19729e+06
1.19555e+06
1.19685e+06
1.19829e+06
1.19609e+06
1.19667e+06
1.19666e+06
1.19797e+06
1.19646e+06
1.19351e+06
75872
1.19783e+06
234929
1.19733e+06
1.1971e+06
1.19533e+06
1.19822e+06
1.19712e+06
1.19493e+06
1.19693e+06
1.19884e+06
1.19492e+06
1.19809e+06
1.19664e+06
1.19837e+06
1.19644e+06
1.19659e+06
1.19893e+06
1.19788e+06
1.19687e+06
1.19776e+06
1.19811e+06
1.19698e+06
1.19525e+06
1.19649e+06
1.1958e+06
1.19606e+06
1.19609e+06
1.199e+06
1.19746e+06
1.19625e+06
1.1962e+06
1.19609e+06
1.19769e+06
1.19601e+06
1.19716e+06
1.19787e+06
1.19713e+06
1.1953e+06
1.19684e+06
1.19652e+06
1.19924e+06
1.19616e+06
1.1955e+06
1.19494e+06
1.19618e+06
1.19729e+06
1.19881e+06
1.1958e+06
1.19546e+06
1.19822e+06
1.19876e+06
1.19658e+06
1.19725e+06
1.19374e+06
1.19652e+06
1.19566e+06
1.19739e+06
1.19595e+06
540849
1.19598e+06
1.19585e+06
1.12591e+06
1.19681e+06
1.19705e+06
1.19626e+06
1.19643e+06
1.19816e+06
1.19634e+06
1.19634e+06
1.19569e+06
1.19572e+06
1.19455e+06
1.19514e+06
386176
1.19556e+06
1.19596e+06
1.19695e+06
1.19582e+06
1.1969e+06
1.19604e+06
481166
568785
1.19519e+06
365008
1.19647e+06
1.19627e+06
1.19644e+06
1.19514e+06
1.19542e+06
1.19484e+06
1.19529e+06
1.19566e+06
1.19484e+06
710903
1.19653e+06
1.19519e+06
1.19531e+06
1.19556e+06
1.19606e+06
1.19665e+06
1.19525e+06
1.19453e+06
1.19629e+06
1.19692e+06
1.19611e+06
1.19533e+06
1.19863e+06
1.19454e+06
1.19545e+06
1.19785e+06
1.19585e+06
150408
414237
1.19648e+06
1.19653e+06
1.19676e+06
1.19471e+06
1.19491e+06
1.19666e+06
1.19741e+06
1.19428e+06
1.19684e+06
1.19596e+06
1.19599e+06
1.19691e+06
1.19724e+06
1.19771e+06
1.19595e+06
1.19553e+06
1.19494e+06
1.19835e+06
1.19701e+06
1.19616e+06
1.19536e+06
1.19703e+06
1.19489e+06
1.19557e+06
1.19618e+06
1.19596e+06
1.19605e+06
1.19574e+06
1.19518e+06
1.197e+06
1.19666e+06
1.19568e+06
1.19564e+06
1.19754e+06
1.19693e+06
1.19737e+06
1.19648e+06
1.1975e+06
1.19813e+06
1.19562e+06
1.19819e+06
1.19695e+06
1.19847e+06
1.19761e+06
324086
1.19767e+06
1.19728e+06
1.19681e+06
1.1967e+06
1.19938e+06
1.19787e+06
1.19543e+06
1.19765e+06
1.1976e+06
1.19676e+06
1.19774e+06
1.19475e+06
1.19732e+06
1.19614e+06
1.1964e+06
1.19808e+06
1.19802e+06
1.19642e+06
1.19723e+06
232886
1.19783e+06
1.19751e+06
1.19743e+06
1.19791e+06
1.1958e+06
1.19629e+06
1.19786e+06
1.19536e+06
1.19804e+06
1.19779e+06
1.19752e+06
1.19651e+06
1.1973e+06
1.19632e+06
1.19661e+06
1.19957e+06
1.19767e+06
1.19867e+06
1.19847e+06
1.19735e+06
1.19745e+06
1.19681e+06
1.19718e+06
1.19777e+06
1.19593e+06
1.19825e+06
1.197e+06
1.1972e+06
1.19653e+06
1.19796e+06
1.19799e+06
1.19755e+06
1.19809e+06
1.1975e+06
1.19619e+06
1.19637e+06
1.19794e+06
1.19618e+06
1.1972e+06
1.19698e+06
736710
1.19838e+06
1.1973e+06
1.19762e+06
1.19802e+06
1.19909e+06
1.20097e+06
1.19639e+06
1.19878e+06
1.19836e+06
1.19722e+06
1.19587e+06
1.1969e+06
1.19749e+06
1.19675e+06
1.19706e+06
1.19696e+06
1.19885e+06
1.20034e+06
1.19931e+06
1.19674e+06
1.19618e+06
1.19693e+06
1.19723e+06
1.20053e+06
1.19732e+06
1.1956e+06
1.20008e+06
1.1996e+06
1.19617e+06
1.19592e+06
1.19704e+06
1.19524e+06
1.19815e+06
1.19685e+06
353373
831142
1.19526e+06
1.19643e+06
1.19756e+06
1.19814e+06
1.19719e+06
1.1965e+06
1.19786e+06
1.19492e+06
682774
1.20027e+06
1.19669e+06
1.20019e+06
1.19474e+06
1.20046e+06
1.19651e+06
1.1978e+06
1.19644e+06
1.19619e+06
1.19822e+06
1.20008e+06
1.19647e+06
1.19466e+06
1.19753e+06
1.19707e+06
1.19513e+06
1.19766e+06
1.19723e+06
1.19701e+06
1.19643e+06
1.19535e+06
1.19607e+06
1.19472e+06
1.19914e+06
1.19843e+06
1.19675e+06
1.19336e+06
1.19508e+06
1.12396e+06
1.1966e+06
1.19614e+06
1.19494e+06
1.1977e+06
1.19528e+06
1.1965e+06
1.19482e+06
1.19641e+06
1.15946e+06
1.19663e+06
1.19694e+06
1.19578e+06
1.19562e+06
1.19586e+06
1.19614e+06
1.19691e+06
1.19608e+06
1.19738e+06
1.19898e+06
1.19541e+06
1.19643e+06
1.19673e+06
1.197e+06
1.1983e+06
1.19645e+06
1.19604e+06
1.19673e+06
1.19652e+06
932868
1.196e+06
1.19642e+06
1.19592e+06
1.19737e+06
1.19569e+06
1.19764e+06
1.19496e+06
1.19738e+06
1.19477e+06
1.19732e+06
1.1976e+06
1.19503e+06
1.1981e+06
1.19837e+06
1.19386e+06
1.19782e+06
1.19708e+06
1.19528e+06
1.19436e+06
1.19818e+06
1.19464e+06
1.19747e+06
1.19624e+06
1.19706e+06
1.19814e+06
1.198e+06
1.19706e+06
1.19719e+06
1.19929e+06
1.19734e+06
1.19635e+06
1.19697e+06
1.19642e+06
1.19813e+06
1.19904e+06
1.19752e+06
1.19725e+06
1.19704e+06
1.19615e+06
1.19626e+06
1.19599e+06
1.19515e+06
1.19702e+06
1.19666e+06
1.19565e+06
1.19666e+06
1.19633e+06
1.19478e+06
1.19538e+06
1.19829e+06
1.19935e+06
200402
1.19596e+06
1.19618e+06
1.19664e+06
1.19573e+06
1.19527e+06
1.19762e+06
1.19695e+06
561979
558334
1.19409e+06
1.19476e+06
1.19559e+06
1.19563e+06
1.195e+06
1.1962e+06
1.19622e+06
1.19707e+06
1.19703e+06
1.19587e+06
1.19571e+06
1.19833e+06
1.19581e+06
1.19477e+06
1.19547e+06
1.19642e+06
1.19523e+06
1.19689e+06
1.19661e+06
1.19581e+06
1.19511e+06
1.19506e+06
1.19676e+06
1.19618e+06
1.19658e+06
1.19496e+06
1.19734e+06
1.19657e+06
1.19644e+06
1.19733e+06
1.19518e+06
1.19571e+06
1.197e+06
1.19628e+06
1.19759e+06
1.19489e+06
1.19774e+06
1.19641e+06
1.19587e+06
1.19807e+06
1.19561e+06
1.19689e+06
1.19705e+06
1.19611e+06
1.19532e+06
1.19688e+06
1.19666e+06
14344
1.19686e+06
1.19757e+06
1.1971e+06
1.19597e+06
1.19722e+06
1.1965e+06
1.19749e+06
1.19608e+06
1.19534e+06
1.19567e+06
1.197e+06
1.19782e+06
1.19941e+06
1.19804e+06
1.19683e+06
1.19754e+06
1.19882e+06
1.19771e+06
1.19707e+06
1.19459e+06
1.19975e+06
1.19885e+06
1.19827e+06
1.19695e+06
1.19705e+06
1.19952e+06
1.19798e+06
1.19649e+06
1.1991e+06
1.19763e+06
1.19583e+06
1.19856e+06
1.19799e+06
762372
1.19821e+06
1.19818e+06
1.19615e+06
1.19759e+06
1.19805e+06
308427
1.19701e+06
1.1956e+06
1.194e+06
1.19644e+06
1.19758e+06
1.19759e+06
1.19762e+06
1.1971e+06
1.19666e+06
1.19656e+06
1.19797e+06
1.19757e+06
1.19557e+06
1.19665e+06
1.1964e+06
1.19568e+06
1.19672e+06
1.19284e+06
1.1934e+06
1.19642e+06
1.20054e+06
1.19393e+06
1.19458e+06
1.19497e+06
1.19968e+06
1.2002e+06
1.20003e+06
1.20058e+06
1.19963e+06
1.19966e+06
1.20046e+06
1.19917e+06
1.19401e+06
1.19928e+06
1.1991e+06
1.20016e+06
1.19918e+06
1.20019e+06
1.19891e+06
1.19353e+06
1.19432e+06
1.20034e+06
366623
1.19854e+06
1.19938e+06
1.19452e+06
1.20065e+06
1.19431e+06
1.19358e+06
1.19366e+06
1.19369e+06
1.19352e+06
1.19318e+06
1.19441e+06
1.19509e+06
1.1925e+06
1.19646e+06
1.1943e+06
1.19236e+06
1.1949e+06
1.19262e+06
1.19357e+06
1.19362e+06
1.19713e+06
1.07612e+06
1.19585e+06
1.19879e+06
1.19575e+06
1.18726e+06
1.19728e+06
1.19878e+06
1.196e+06
1.19554e+06
1.19704e+06
1.19513e+06
1.1959e+06
146546
1.19614e+06
